name: quantum
channels:
  - conda-forge
dependencies:
  - _libgcc_mutex=0.1=conda_forge
  - _openmp_mutex=4.5=2_gnu
  - blinker=1.7.0=pyhd8ed1ab_0
  - bzip2=1.0.8=hd590300_5
  - c-ares=1.28.1=hd590300_0
  - ca-certificates=2024.2.2=hbcca054_0
  - click=8.1.7=unix_pyh707e725_0
  - fitsio=1.2.1=py312h21a43e1_0
  - flask=3.0.3=pyhd8ed1ab_0
  - importlib-metadata=7.1.0=pyha770c72_0
  - itsdangerous=2.2.0=pyhd8ed1ab_0
  - jinja2=3.1.3=pyhd8ed1ab_0
  - keyutils=1.6.1=h166bdaf_0
  - krb5=1.21.2=h659d440_0
  - ld_impl_linux-64=2.40=h55db66e_0
  - libblas=3.9.0=22_linux64_openblas
  - libcblas=3.9.0=22_linux64_openblas
  - libcurl=8.7.1=hca28451_0
  - libedit=3.1.20191231=he28a2e2_2
  - libev=4.33=hd590300_2
  - libexpat=2.6.2=h59595ed_0
  - libffi=3.4.2=h7f98852_5
  - libgcc-ng=13.2.0=h807b86a_5
  - libgfortran-ng=13.2.0=h69a702a_5
  - libgfortran5=13.2.0=ha4646dd_5
  - libgomp=13.2.0=h807b86a_5
  - liblapack=3.9.0=22_linux64_openblas
  - libnghttp2=1.58.0=h47da74e_1
  - libnsl=2.0.1=hd590300_0
  - libopenblas=0.3.27=pthreads_h413a1c8_0
  - libsqlite=3.45.3=h2797004_0
  - libssh2=1.11.0=h0841786_0
  - libstdcxx-ng=13.2.0=h7e041cc_5
  - libuuid=2.38.1=h0b41bf4_0
  - libxcrypt=4.4.36=hd590300_1
  - libzlib=1.2.13=hd590300_5
  - markupsafe=2.1.5=py312h98912ed_0
  - ncurses=6.4.20240210=h59595ed_0
  - numpy=1.26.4=py312heda63a1_0
  - openssl=3.2.1=hd590300_1
  - pip=24.0=pyhd8ed1ab_0
  - python=3.12.3=hab00c5b_0_cpython
  - python_abi=3.12=4_cp312
  - readline=8.2=h8228510_1
  - setuptools=69.5.1=pyhd8ed1ab_0
  - tk=8.6.13=noxft_h4845f30_101
  - tzdata=2024a=h0c530f3_0
  - werkzeug=3.0.2=pyhd8ed1ab_0
  - wheel=0.43.0=pyhd8ed1ab_1
  - xz=5.2.6=h166bdaf_0
  - zipp=3.17.0=pyhd8ed1ab_0
  - zstd=1.5.5=hfc55251_0
  - pip:
      - attrs==23.2.0
      - flasgger==0.9.7.1
      - jsonschema==4.21.1
      - jsonschema-specifications==2023.12.1
      - mistune==3.0.2
      - packaging==24.0
      - pyds9==1.8.1
      - pyyaml==6.0.1
      - referencing==0.34.0
      - rpds-py==0.18.0
      - six==1.16.0
prefix: /home/vboxuser/miniforge3/envs/quantum
